start solve matrix_schedule_static.cpp
generate 256 X 256 matrix
use 1 thread 
0.0455079570
0.0443273210
0.0439710910
0.0451551220
0.0452703930
use 2 thread 
0.0235414930
0.0233817670
0.0234121260
0.0234185990
0.0234021670
use 3 thread 
0.0166723730
0.0162599920
0.0161009590
0.0158704510
0.0158077790
use 4 thread 
0.0121822520
0.0124629990
0.0121042230
0.0120984930
0.0127549160
use 5 thread 
0.0097888900
0.0099608690
0.0099470620
0.0100203320
0.0098612190
use 6 thread 
0.0083959290
0.0083824930
0.0084775400
0.0083471270
0.0086434620
use 7 thread 
0.0076853410
0.0074926340
0.0075484700
0.0073917730
0.0074131300
use 8 thread 
0.0093799790
0.0070984100
0.0065167290
0.0064679560
0.0064204950
generate 512 X 512 matrix
use 1 thread 
0.3650007060
0.3582634750
0.3598901230
0.3634968020
0.3627474410
use 2 thread 
0.1875504910
0.1860967840
0.1865732630
0.1850598830
0.1839194530
use 3 thread 
0.1463875430
0.1245363510
0.1269389490
0.1268464940
0.1261443720
use 4 thread 
0.0945547040
0.0955906030
0.1123876620
0.0950795970
0.1261901700
use 5 thread 
0.1160703570
0.1042555760
0.0769389720
0.0769992170
0.0768085330
use 6 thread 
0.0980779450
0.0926754650
0.0641645380
0.0637146790
0.0642466440
use 7 thread 
0.0556961810
0.0768111970
0.0712887180
0.0754417460
0.0663884160
use 8 thread 
0.0573303930
0.0635511020
0.0727535060
0.0545529860
0.0684181340
generate 1024 X 1024 matrix
use 1 thread 
2.9087285660
2.8991295680
2.9109683000
2.9140937200
2.8890639700
use 2 thread 
1.4816390520
1.4850910560
1.4796036070
1.4880369130
1.6182952540
use 3 thread 
1.0207042610
1.1036275560
1.1588578050
1.0980207730
1.5107617300
use 4 thread 
0.9278817600
0.9166244140
0.9280290520
0.9244201090
0.9181995300
use 5 thread 
0.7319878800
0.8371673280
0.8543100610
0.7797780630
0.8547514490
use 6 thread 
0.6625233440
0.7089468290
0.6183141070
0.6231323220
0.6540886210
use 7 thread 
0.6464555390
0.5994946240
0.6146508990
0.5925867300
0.6308039780
use 8 thread 
0.5934909260
0.5760179670
0.5685877110
0.5865222720
0.5528325320
generate 2048 X 2048 matrix
use 1 thread 
23.2310949360
23.2619949490
23.1405220400
23.2301315720
23.1777185590
use 2 thread 
12.5093338660
12.7228580840
11.9133389900
12.0766631780
12.1162579100
use 3 thread 
8.4843201840
8.6753012270
8.8002656650
8.8082740840
8.5193418260
use 4 thread 
7.1302918900
6.6290051170
6.9173968740
7.0320398630
7.1536679080
use 5 thread 
6.1988571680
5.8140870250
6.0794998870
5.5786948910
5.8974548690
use 6 thread 
5.0408112490
5.0915215690
5.2700117930
5.2411914540
5.2387068680
use 7 thread 
4.4363417100
4.3798378410
4.5937483990
4.5579462540
4.6211897930
use 8 thread 
4.1436489950
4.1232364880
4.2031679480
4.2965698680
4.4129697460
