start solve matrix.cpp
generate 256 X 256 matrix
use 1 thread
0.0468809100
0.0459899570
0.0463394450
0.0463215820
0.0462862630
use 2 thread
0.0234181500
0.0239186130
0.0283543070
0.0240210690
0.0239075720
use 3 thread
0.0160330890
0.0164168320
0.0239087860
0.0162531200
0.0159488990
use 4 thread
0.0122787970
0.0124865210
0.0128490160
0.0125544240
0.0124176720
use 5 thread
0.0099927500
0.0100040620
0.0102235710
0.0100023780
0.0099451790
use 6 thread
0.0085741600
0.0083449210
0.0085870950
0.0089819490
0.0087136160
use 7 thread
0.0111205040
0.0078044410
0.0081633750
0.0075550830
0.0080000230
use 8 thread
0.0066904960
0.0065312270
0.0067637710
0.0066336520
0.0066452250
generate 512 X 512 matrix
use 1 thread
0.3695543830
0.3784522530
0.3705135820
0.3735410010
0.3695770580
use 2 thread
0.1895973310
0.2189154880
0.1880579080
0.1890124530
0.1899746510
use 3 thread
0.1276680120
0.1689388560
0.1626123700
0.1286736740
0.1296696880
use 4 thread
0.0966330400
0.0973275410
0.1432732650
0.1391202110
0.1047618640
use 5 thread
0.1052796240
0.1006857770
0.0942728450
0.1078704920
0.0944451750
use 6 thread
0.0842527180
0.0752401720
0.0920491180
0.0911028800
0.0737873210
use 7 thread
0.0684290450
0.0778854700
0.0790098880
0.0646932980
0.0858530010
use 8 thread
0.0748287300
0.0527211930
0.0668090500
0.0544316840
0.0687363120
generate 1024 X 1024 matrix
use 1 thread
2.9647205170
2.9605859990
2.9694892660
2.9639110500
2.9566390140
use 2 thread
1.5022587460
1.5198535590
1.5155547030
1.5068073660
1.5116355200
use 3 thread
1.0145818430
1.1875849760
1.0194955230
1.0172764220
1.5371127410
use 4 thread
1.0051176350
0.9015740540
0.7671375650
0.9846675280
0.9269597040
use 5 thread
0.8545419680
0.6738394820
0.6352446210
0.8607942900
0.7526267990
use 6 thread
0.6885508350
0.5994529760
0.6466907380
0.7125455280
0.7155816530
use 7 thread
0.6836367680
0.6427628440
0.5815192660
0.6516385700
0.5918105050
use 8 thread
0.5332762850
0.5381505970
0.5851434790
0.5457708230
0.5315212860
generate 2048 X 2048 matrix
use 1 thread
23.4297491180
23.4464205590
23.2838938430
23.3024187660
23.3469990860
use 2 thread
12.1807896790
12.3832499590
12.1233103920
12.2034449490
12.1283577040
use 3 thread
8.5217084170
9.8911120020
8.7346017330
9.0043917900
8.7113822110
use 4 thread
7.2057754420
6.7556168640
7.3534464470
7.1140679960
7.3962604800
use 5 thread
5.7838261060
5.7451072580
6.0044338270
6.0927066910
6.2767660720
use 6 thread
5.2292350020
5.0701940450
4.9291221770
5.6316100960
5.1088373390
use 7 thread
4.7312574520
4.7781192490
4.7388334050
4.5911482710
4.5200293280
use 8 thread
4.2468899370
4.1559089150
4.2483714130
4.1966148280
4.1349492230