start solve matrix_schedule_dynamic.cpp
generate 256 X 256 matrix
use 1 thread 
0.0472353770
0.0469314240
0.0451747260
0.0452493830
0.0456517910
use 2 thread 
0.0237411940
0.0240104480
0.0243736330
0.0242394160
0.0243962310
use 3 thread 
0.0165248680
0.0161227700
0.0161671250
0.0163675980
0.0161054980
use 4 thread 
0.0124224310
0.0122791670
0.0124872660
0.0127409500
0.0128012350
use 5 thread 
0.0101294910
0.0100539170
0.0111225380
0.0103000650
0.0103073310
use 6 thread 
0.0085727880
0.0085108090
0.0086510260
0.0083482680
0.0085299460
use 7 thread 
0.0074465460
0.0076007700
0.0074298640
0.0075812630
0.0073936940
use 8 thread 
0.0065951190
0.0070169950
0.0067141960
0.0065341130
0.0065004280
generate 512 X 512 matrix
use 1 thread 
0.3675201640
0.3623897190
0.3632167380
0.3641990050
0.3630137000
use 2 thread 
0.1901286150
0.1906257450
0.1896296420
0.1879258870
0.1899831980
use 3 thread 
0.1253823770
0.1259211660
0.1267189200
0.1354043220
0.1534996710
use 4 thread 
0.0970517140
0.0967564500
0.0970976620
0.0952471870
0.0955258490
use 5 thread 
0.0820249180
0.0775313330
0.0836445020
0.0776656300
0.0773472420
use 6 thread 
0.0654917240
0.0683786980
0.0816166480
0.0648353800
0.0655392540
use 7 thread 
0.0608368210
0.0585025720
0.0564902570
0.0676367710
0.0711977250
use 8 thread 
0.0576871640
0.0523057230
0.0550331150
0.0528026420
0.0494210320
generate 1024 X 1024 matrix
use 1 thread 
2.8927834600
2.9011347510
2.8819647380
2.9090256600
2.8678096850
use 2 thread 
1.5287217020
1.4827677720
1.4841887360
1.5156719830
1.4844231950
use 3 thread 
1.1475450630
1.0461759970
1.1126789150
1.0680623050
1.0072140180
use 4 thread 
0.8133118000
0.8842687230
0.8110445040
0.8182282770
0.7986447050
use 5 thread 
0.6905010360
0.8028249710
0.7056695190
0.7099699850
0.7017107010
use 6 thread 
0.5878104490
0.5779164930
0.5959921110
0.5623491040
0.6164660180
use 7 thread 
0.5527194970
0.5545696180
0.5058262100
0.5308163540
0.5478258090
use 8 thread 
0.5089091340
0.4791153260
0.4965537010
0.4690589560
0.4616865510
generate 2048 X 2048 matrix
use 1 thread 
23.2450090990
23.2665116760
23.2783848880
23.1572237560
23.1908441480
use 2 thread 
12.4529431440
11.8882154300
12.3351137760
11.9510925380
12.4616424220
use 3 thread 
8.8408886650
8.5098242540
9.0657920500
8.3668129300
8.5687255890
use 4 thread 
6.9614163750
7.3695079430
7.0785986760
6.4972080870
6.7105020080
use 5 thread 
5.7167534860
5.5282594190
5.9424465790
5.7989522970
5.7523859130
use 6 thread 
5.0255675330
5.0548681280
5.0377078810
4.9428670650
5.0885608240
use 7 thread 
4.4583193950
4.4607377950
4.4031228210
4.4231989870
4.4532056870
use 8 thread 
3.9069001460
3.9623015200
4.0344992940
3.9511286540
3.9743309830
